3.480
1.421
3.948
4.007
3.204
1.904
2.705
3.363
2.976
2.865
4.072
1.913
1.365
2.638
2.518
4.211
0.890
3.287
0.532
2.634
2.581
3.179
3.197
2.738
3.320
1.334
3.701
3.145
2.624
2.671
4.591
3.017
1.777
2.558
2.874
1.376
3.063
1.846
4.089
3.073
2.184
2.524
2.697
1.752
2.583
3.968
2.409
3.057
3.233
1.533
1.777
3.028
3.222
2.184
1.407
3.682
3.366
1.924
3.275
1.789
0.990
1.812
1.909
2.092
2.694
2.698
5.358
3.201
1.585
1.468
2.130
3.326
1.713
1.885
1.932
3.693
1.049
2.734
1.017
2.210
3.012
2.659
1.861
2.431
2.672
2.616
1.944
3.839
1.251
1.415
2.830
3.037
2.584
2.972
1.727
1.556
4.094
3.628
2.822
1.727
1.136
2.725
2.655
3.703
1.464
3.112
2.800
1.117
2.692
2.941
3.034
2.043
2.483
2.612
2.977
3.965
4.657
2.179
4.796
1.239
2.681
1.687
2.885
1.636
3.034
3.404
2.002
1.938
0.513
1.330
0.250
2.005
2.947
3.386
1.252
0.856
2.540
3.328
2.090
3.169
2.752
1.587
2.346
1.821
2.656
5.010
1.626
2.565
2.012
1.740
2.481
3.506
2.436
0.487
2.528
2.840
3.600
1.937
2.631
2.784
2.653
1.762
3.086
2.859
3.245
3.875
2.595
1.940
2.848
2.518
1.816
3.470
2.016
2.939
3.233
2.273
3.463
2.973
1.259
2.726
2.946
3.598
3.324
1.841
2.463
2.762
4.173
3.461
0.325
1.803
1.898
3.130
0.853
3.516
0.084
1.805
2.034
2.383
2.549
2.950

