5.737
6.501
5.104
5.289
5.656
3.841
6.073
4.868
6.963
5.486
3.894
7.154
4.914
4.837
5.449
6.061
6.630
7.201
3.629
7.477
7.890
4.972
5.341
4.961
6.270
4.104
2.847
1.913
2.473
3.087
5.321
4.245
5.599
4.565
6.011
6.937
5.683
5.556
5.119
6.743
4.657
4.753
5.141
5.198
3.562
5.348
6.353
5.986
6.162
3.965
5.299
6.237
3.691
4.033
4.499
5.792
4.473
2.064
4.403
6.912
3.457
6.335
4.867
5.532
5.465
6.212
3.752
1.266
5.517
2.887
4.069
5.079
4.821
5.103
4.031
5.283
7.016
5.843
7.207
5.199
7.605
4.313
8.399
2.117
2.608
7.962
2.593
3.822
5.288
3.953
6.955
5.231
6.433
4.023
6.337
9.363
5.623
4.464
6.878
7.592
4.290
4.467
8.145
4.330
6.828
6.136
3.284
6.344
5.248
4.716
7.399
4.351
3.980
6.023
6.873
5.591
8.222
2.879
4.658
6.811
5.474
3.607
3.143
3.685
6.276
2.386
5.330
7.563
5.053
5.974
2.829
6.173
3.357
4.091
4.896
5.360
5.302
7.333
4.265
3.458
4.867
3.417
5.578

